L,M,N
  0.63991547E-02,0.91603633E-05,0.24902344E+00
  0.63991547E+01,0.91603633E-02,0.26855469E+00
  0.12798309E+02,0.18320727E-01,0.27832031E+00
  0.19197464E+02,0.27481090E-01,0.28808594E+00
  0.25596619E+02,0.36641453E-01,0.29785156E+00
  0.31995773E+02,0.45801816E-01,0.29785156E+00
  0.38394928E+02,0.54962180E-01,0.30761719E+00
  0.44794083E+02,0.64122543E-01,0.31738281E+00
  0.51193237E+02,0.73282906E-01,0.32714844E+00
  0.57592392E+02,0.82443269E-01,0.32714844E+00
  0.63991547E+02,0.91603633E-01,0.33691406E+00
  0.70390701E+02,0.10076400E+00,0.34667969E+00
  0.76789856E+02,0.10992436E+00,0.34667969E+00
  0.83189011E+02,0.11908472E+00,0.35644531E+00
  0.89588165E+02,0.12824509E+00,0.35644531E+00
  0.95987320E+02,0.13740545E+00,0.36621094E+00
  0.10238647E+03,0.14656581E+00,0.37597656E+00
  0.10878563E+03,0.15572618E+00,0.37597656E+00
  0.11518478E+03,0.16488654E+00,0.38574219E+00
  0.12158394E+03,0.17404690E+00,0.39550781E+00
  0.12798309E+03,0.18320727E+00,0.39550781E+00
  0.13438225E+03,0.19236763E+00,0.40527344E+00
  0.14078140E+03,0.20152799E+00,0.40527344E+00
  0.14718056E+03,0.21068835E+00,0.41503906E+00
  0.15357971E+03,0.21984872E+00,0.41503906E+00
  0.15997887E+03,0.22900908E+00,0.42480469E+00
  0.16637802E+03,0.23816944E+00,0.43457031E+00
  0.17277718E+03,0.24732981E+00,0.43457031E+00
  0.17917633E+03,0.25649017E+00,0.44433594E+00
  0.18557549E+03,0.26565053E+00,0.44433594E+00
  0.19197464E+03,0.27481090E+00,0.45410156E+00
  0.19837379E+03,0.28397126E+00,0.45410156E+00
  0.20477295E+03,0.29313162E+00,0.46386719E+00
  0.21117210E+03,0.30229199E+00,0.46386719E+00
  0.21757126E+03,0.31145235E+00,0.47363281E+00
  0.22397041E+03,0.32061271E+00,0.47363281E+00
  0.23036957E+03,0.32977308E+00,0.48339844E+00
  0.23676872E+03,0.33893344E+00,0.48339844E+00
  0.24316788E+03,0.34809380E+00,0.49316406E+00
  0.24956703E+03,0.35725417E+00,0.49316406E+00
  0.25596619E+03,0.36641453E+00,0.50292969E+00
  0.26236534E+03,0.37557489E+00,0.50292969E+00
  0.26876450E+03,0.38473526E+00,0.51269531E+00
  0.27516365E+03,0.39389562E+00,0.51269531E+00
  0.28156281E+03,0.40305598E+00,0.52246094E+00
  0.28796196E+03,0.41221635E+00,0.52246094E+00
  0.29436111E+03,0.42137671E+00,0.53222656E+00
  0.30076027E+03,0.43053707E+00,0.53222656E+00
  0.30715942E+03,0.43969744E+00,0.54199219E+00
  0.31355858E+03,0.44885780E+00,0.54199219E+00
  0.31995773E+03,0.45801816E+00,0.55175781E+00
  0.32635689E+03,0.46717853E+00,0.55175781E+00
  0.33275604E+03,0.47633889E+00,0.56152344E+00
  0.33915520E+03,0.48549925E+00,0.56152344E+00
  0.34555435E+03,0.49465962E+00,0.57128906E+00
  0.35195351E+03,0.50381998E+00,0.57128906E+00
  0.35835266E+03,0.51298034E+00,0.57128906E+00
  0.36475182E+03,0.52214071E+00,0.58105469E+00
  0.37115097E+03,0.53130107E+00,0.58105469E+00
  0.37755013E+03,0.54046143E+00,0.59082031E+00
  0.38394928E+03,0.54962180E+00,0.59082031E+00
  0.39034843E+03,0.55878216E+00,0.60058594E+00
  0.39674759E+03,0.56794252E+00,0.60058594E+00
  0.40314674E+03,0.57710288E+00,0.61035156E+00
  0.40954590E+03,0.58626325E+00,0.61035156E+00
  0.41594505E+03,0.59542361E+00,0.61035156E+00
  0.42234421E+03,0.60458397E+00,0.62011719E+00
  0.42874336E+03,0.61374434E+00,0.62011719E+00
  0.43514252E+03,0.62290470E+00,0.62988281E+00
  0.44154167E+03,0.63206506E+00,0.62988281E+00
  0.44794083E+03,0.64122543E+00,0.63964844E+00
  0.45433998E+03,0.65038579E+00,0.63964844E+00
  0.46073914E+03,0.65954615E+00,0.63964844E+00
  0.46713829E+03,0.66870652E+00,0.64941406E+00
  0.47353745E+03,0.67786688E+00,0.64941406E+00
  0.47993660E+03,0.68702724E+00,0.65917969E+00
  0.48633575E+03,0.69618761E+00,0.65917969E+00
  0.49273491E+03,0.70534797E+00,0.65917969E+00
  0.49913406E+03,0.71450833E+00,0.66894531E+00
  0.50553322E+03,0.72366870E+00,0.66894531E+00
  0.51193237E+03,0.73282906E+00,0.67871094E+00
  0.51833153E+03,0.74198942E+00,0.67871094E+00
  0.52473068E+03,0.75114979E+00,0.67871094E+00
  0.53112984E+03,0.76031015E+00,0.68847656E+00
  0.53752899E+03,0.76947051E+00,0.68847656E+00
  0.54392815E+03,0.77863088E+00,0.69824219E+00
  0.55032730E+03,0.78779124E+00,0.69824219E+00
  0.55672646E+03,0.79695160E+00,0.69824219E+00
  0.56312561E+03,0.80611197E+00,0.70800781E+00
  0.56952477E+03,0.81527233E+00,0.70800781E+00
  0.57592392E+03,0.82443269E+00,0.70800781E+00
  0.58232307E+03,0.83359306E+00,0.71777344E+00
  0.58872223E+03,0.84275342E+00,0.71777344E+00
  0.59512138E+03,0.85191378E+00,0.72753906E+00
  0.60152054E+03,0.86107415E+00,0.72753906E+00
  0.60791969E+03,0.87023451E+00,0.72753906E+00
  0.61431885E+03,0.87939487E+00,0.73730469E+00
  0.62071800E+03,0.88855524E+00,0.73730469E+00
  0.62711716E+03,0.89771560E+00,0.73730469E+00
  0.63351631E+03,0.90687596E+00,0.74707031E+00
  0.63991547E+03,0.91603633E+00,0.74707031E+00
  0.64631462E+03,0.92519669E+00,0.74707031E+00
  0.65271378E+03,0.93435705E+00,0.75683594E+00
  0.65911293E+03,0.94351742E+00,0.75683594E+00
  0.66551208E+03,0.95267778E+00,0.76660156E+00
  0.67191124E+03,0.96183814E+00,0.76660156E+00
  0.67831039E+03,0.97099850E+00,0.76660156E+00
  0.68470955E+03,0.98015887E+00,0.77636719E+00
  0.69110870E+03,0.98931923E+00,0.77636719E+00
  0.69750786E+03,0.99847959E+00,0.77636719E+00
  0.70390701E+03,0.10076400E+01,0.78613281E+00
  0.71030617E+03,0.10168003E+01,0.78613281E+00
  0.71670532E+03,0.10259607E+01,0.78613281E+00
  0.72310448E+03,0.10351210E+01,0.79589844E+00
  0.72950363E+03,0.10442814E+01,0.79589844E+00
  0.73590279E+03,0.10534418E+01,0.79589844E+00
  0.74230194E+03,0.10626021E+01,0.80566406E+00
  0.74870110E+03,0.10717625E+01,0.80566406E+00
  0.75510025E+03,0.10809229E+01,0.80566406E+00
  0.76149940E+03,0.10900832E+01,0.81542969E+00
  0.76789856E+03,0.10992436E+01,0.81542969E+00
